maxDepth: 0.0 to 4.0
currentDepth: 1.0 to 1.0
children: 0.0 to 6.0
maxBranchingFactor: 0.0 to 60.0
storedValue: 0.0011174283915980077 to 0.9986163180697054
maxProperties: 0.0 to 19.0
propValueRange: 0.0 to 99.0
props: 0.0 to 19.0